1,Олександр,+380 99 229 58 38,афо?ла@gmail.com,Kia,0,0,0,0
2,Олександр,+6789034,strangergmail.com,Mazda,0,0,0,0
3,Денис,,,,123,123,0,0
4,123,123,123,123,123,123,123,123
5,Андрій,+38095299218,andrey@gmail.com,,0,0,0,0
6,Артем,+38099121412,atrem@gmail.com,BMW,10000,80000,2010,0
7,Денис,+38095215129,denis@gmail.com,Audi,0,0,0,0
8,Даяна,213,123,123,123,123,123,123
9,Яр?к,123,213,123,123,123,123,123
10,Милена,123,213,1231,44123,123,123,123
11,Милена,+38095291841,malinka103@gmail.com,Audi,70000,80000,2000,2022
